0 0.7575 0.28 0.075 0.04
0 0.585 0.34714285714285714 0.115 0.041428571428571426
0 0.42 0.3985714285714286 0.115 0.04285714285714286
0 0.2725 0.39285714285714285 0.085 0.04285714285714286
0 0.6675 0.46 0.075 0.045714285714285714
0 0.61 0.6485714285714286 0.105 0.04
0 0.2975 0.6628571428571428 0.12 0.04
0 0.415 0.7628571428571429 0.125 0.03857142857142857
0 0.6025 0.8314285714285714 0.11 0.037142857142857144
0 0.355 0.9528571428571428 0.1 0.037142857142857144
0 0.64 0.9828571428571429 0.1 0.032857142857142856