0 0.75 0.2742857142857143 0.0725 0.03428571428571429
0 0.5975 0.3442857142857143 0.1 0.037142857142857144
0 0.275 0.3942857142857143 0.11 0.037142857142857144
0 0.6625 0.4614285714285714 0.085 0.047142857142857146
0 0.6125 0.6442857142857142 0.09 0.032857142857142856
0 0.2925 0.6642857142857143 0.11 0.054285714285714284
0 0.42 0.7542857142857143 0.105 0.032857142857142856
0 0.3975 0.8042857142857143 0.08 0.037142857142857144
0 0.6075 0.8371428571428572 0.08 0.037142857142857144
0 0.3725 0.9528571428571428 0.115 0.041428571428571426
0 0.65 0.9785714285714285 0.1 0.041428571428571426