0 0.7525 0.28 0.105 0.04
0 0.5975 0.3457142857142857 0.13 0.037142857142857144
0 0.665 0.4614285714285714 0.11 0.04285714285714286
0 0.275 0.3942857142857143 0.105 0.03571428571428571
0 0.2575 0.45714285714285713 0.0875 0.05285714285714286
0 0.6225 0.6457142857142857 0.1025 0.05142857142857143
0 0.2675 0.6585714285714286 0.11 0.05
0 0.41 0.7642857142857142 0.145 0.041428571428571426
0 0.6175 0.8371428571428572 0.11 0.041428571428571426
0 0.375 0.95 0.15 0.025714285714285714
0 0.65 0.9842857142857143 0.11 0.03142857142857143