0 0.76 0.2842857142857143 0.09 0.04285714285714286
0 0.6075 0.3485714285714286 0.11 0.03428571428571429
0 0.665 0.4614285714285714 0.0725 0.037142857142857144
0 0.28 0.4014285714285714 0.085 0.04285714285714286
0 0.2675 0.6585714285714286 0.095 0.047142857142857146
0 0.6025 0.6514285714285715 0.1 0.04
0 0.415 0.7657142857142857 0.105 0.04857142857142857
0 0.615 0.8385714285714285 0.075 0.05142857142857143
0 0.375 0.9557142857142857 0.105 0.047142857142857146
0 0.6475 0.9785714285714285 0.0575 0.03142857142857143
0 0.485 0.97 0.085 0.03