0 0.7575 0.27714285714285714 0.075 0.041428571428571426
0 0.595 0.34714285714285714 0.1325 0.027142857142857142
0 0.67 0.4657142857142857 0.1 0.04285714285714286
0 0.63 0.5628571428571428 0.0725 0.041428571428571426
0 0.61 0.6514285714285715 0.075 0.047142857142857146
0 0.2625 0.39714285714285713 0.0475 0.03857142857142857
0 0.2825 0.6557142857142857 0.09 0.045714285714285714
0 0.415 0.7642857142857142 0.095 0.04
0 0.6075 0.8314285714285714 0.08 0.03857142857142857
0 0.3475 0.9528571428571428 0.085 0.04
0 0.625 0.98 0.08 0.032857142857142856