0 0.755 0.27714285714285714 0.09 0.04
0 0.5775 0.3457142857142857 0.09 0.03428571428571429
0 0.2625 0.4042857142857143 0.075 0.047142857142857146
0 0.67 0.4642857142857143 0.11 0.05
0 0.605 0.6442857142857142 0.115 0.041428571428571426
0 0.275 0.6642857142857143 0.08 0.05714285714285714
0 0.415 0.7642857142857142 0.115 0.045714285714285714
0 0.585 0.8328571428571429 0.095 0.04857142857142857
0 0.3675 0.9142857142857143 0.105 0.03428571428571429
0 0.35 0.9571428571428572 0.1475 0.03428571428571429
0 0.6425 0.9785714285714285 0.095 0.04