0 0.77 0.27714285714285714 0.0775 0.03857142857142857
0 0.585 0.3485714285714286 0.1325 0.054285714285714284
0 0.27 0.32857142857142857 0.095 0.04857142857142857
0 0.2725 0.3942857142857143 0.135 0.03857142857142857
0 0.6675 0.4657142857142857 0.115 0.04857142857142857
0 0.62 0.65 0.125 0.05285714285714286
0 0.42 0.7642857142857142 0.125 0.04857142857142857
0 0.27 0.6642857142857143 0.095 0.047142857142857146
0 0.595 0.8371428571428572 0.0775 0.04857142857142857
0 0.36 0.9571428571428572 0.17 0.04857142857142857
0 0.6375 0.9828571428571429 0.1225 0.03428571428571429