0 0.765 0.2842857142857143 0.08 0.037142857142857144
0 0.585 0.35285714285714287 0.095 0.05
0 0.6625 0.45714285714285713 0.075 0.04
0 0.26 0.39 0.1 0.032857142857142856
0 0.275 0.6642857142857143 0.09 0.04285714285714286
0 0.61 0.6471428571428571 0.115 0.03428571428571429
0 0.425 0.76 0.12 0.03
0 0.61 0.8385714285714285 0.0675 0.045714285714285714
0 0.3525 0.9542857142857143 0.095 0.03428571428571429
0 0.485 0.9785714285714285 0.075 0.027142857142857142
0 0.6425 0.9771428571428571 0.105 0.022857142857142857