0 0.605 0.3514285714285714 0.125 0.032857142857142856
0 0.755 0.2842857142857143 0.08 0.037142857142857144
0 0.2575 0.39714285714285713 0.085 0.037142857142857144
0 0.6625 0.46 0.095 0.03857142857142857
0 0.6075 0.6485714285714286 0.12 0.04285714285714286
0 0.2725 0.6642857142857143 0.095 0.04
0 0.4125 0.7614285714285715 0.12 0.04285714285714286
0 0.6075 0.8357142857142857 0.09 0.04
0 0.3675 0.9557142857142857 0.105 0.022857142857142857
0 0.655 0.9857142857142858 0.09 0.025714285714285714
0 0.3225 0.9857142857142858 0.1375 0.025714285714285714