0 0.76 0.27714285714285714 0.09 0.05
0 0.6 0.3457142857142857 0.125 0.04285714285714286
0 0.2675 0.35285714285714287 0.125 0.03857142857142857
0 0.2775 0.4014285714285714 0.135 0.032857142857142856
0 0.6675 0.4585714285714286 0.095 0.037142857142857144
0 0.28 0.6657142857142857 0.115 0.06
0 0.61 0.6471428571428571 0.125 0.041428571428571426
0 0.425 0.7614285714285715 0.135 0.047142857142857146
0 0.5875 0.8314285714285714 0.0975 0.04428571428571428
0 0.3825 0.9614285714285714 0.1575 0.045714285714285714
0 0.6475 0.9785714285714285 0.095 0.04285714285714286