0 0.765 0.2814285714285714 0.12 0.03428571428571429
0 0.6 0.3485714285714286 0.125 0.032857142857142856
0 0.52 0.40285714285714286 0.115 0.045714285714285714
0 0.28 0.3942857142857143 0.095 0.04
0 0.6625 0.4585714285714286 0.0675 0.03428571428571429
0 0.2775 0.6614285714285715 0.0725 0.045714285714285714
0 0.6125 0.6514285714285715 0.1 0.03857142857142857
0 0.4175 0.76 0.08 0.05
0 0.605 0.8357142857142857 0.0675 0.041428571428571426
0 0.375 0.96 0.12 0.03428571428571429
0 0.6475 0.9828571428571429 0.085 0.03428571428571429