0 0.765 0.2814285714285714 0.08 0.03142857142857143
0 0.585 0.3485714285714286 0.085 0.037142857142857144
0 0.6625 0.4542857142857143 0.095 0.04
0 0.26 0.38857142857142857 0.08 0.041428571428571426
0 0.25 0.44571428571428573 0.08 0.03142857142857143
0 0.6125 0.6514285714285715 0.09 0.04285714285714286
0 0.2975 0.6671428571428571 0.1275 0.047142857142857146
0 0.415 0.7657142857142857 0.115 0.03142857142857143
0 0.6075 0.8314285714285714 0.11 0.03428571428571429
0 0.375 0.9571428571428572 0.085 0.032857142857142856
0 0.65 0.9814285714285714 0.1 0.03428571428571429