0 0.76 0.28 0.12 0.045714285714285714
0 0.5925 0.3485714285714286 0.1175 0.045714285714285714
0 0.255 0.39571428571428574 0.1025 0.037142857142857144
0 0.6625 0.45 0.115 0.03142857142857143
0 0.665 0.4957142857142857 0.15 0.032857142857142856
0 0.6125 0.6485714285714286 0.12 0.06428571428571428
0 0.425 0.7685714285714286 0.115 0.047142857142857146
0 0.285 0.66 0.16 0.04857142857142857
0 0.6125 0.8328571428571429 0.13 0.054285714285714284
0 0.355 0.9571428571428572 0.1275 0.05142857142857143
0 0.6625 0.98 0.105 0.04