0 0.7575 0.2785714285714286 0.085 0.04
0 0.58 0.3457142857142857 0.1125 0.047142857142857146
0 0.29 0.39571428571428574 0.1325 0.041428571428571426
0 0.68 0.41714285714285715 0.1025 0.032857142857142856
0 0.6725 0.46 0.1375 0.04428571428571428
0 0.2725 0.6585714285714286 0.1 0.04285714285714286
0 0.61 0.6471428571428571 0.145 0.045714285714285714
0 0.4175 0.7614285714285715 0.095 0.037142857142857144
0 0.605 0.84 0.125 0.05142857142857143
0 0.3725 0.96 0.145 0.03857142857142857
0 0.655 0.9785714285714285 0.12 0.041428571428571426