0 0.76 0.28285714285714286 0.08 0.03142857142857143
0 0.59 0.3485714285714286 0.1325 0.027142857142857142
0 0.6725 0.4585714285714286 0.085 0.03857142857142857
0 0.2575 0.3942857142857143 0.115 0.032857142857142856
0 0.28 0.6571428571428571 0.095 0.04285714285714286
0 0.615 0.6457142857142857 0.095 0.05857142857142857
0 0.2975 0.7542857142857143 0.12 0.05
0 0.5975 0.8285714285714286 0.08 0.047142857142857146
0 0.4225 0.7514285714285714 0.08 0.03857142857142857
0 0.2925 0.7585714285714286 0.0625 0.04857142857142857
0 0.6375 0.9714285714285714 0.085 0.03