0 0.76 0.27714285714285714 0.09 0.04
0 0.595 0.3485714285714286 0.1425 0.03142857142857143
0 0.675 0.4585714285714286 0.115 0.03142857142857143
0 0.62 0.65 0.095 0.04857142857142857
0 0.2775 0.6585714285714286 0.08 0.04
0 0.425 0.7642857142857142 0.125 0.04
0 0.6125 0.8357142857142857 0.1 0.032857142857142856
0 0.4525 0.9528571428571428 0.095 0.027142857142857142
0 0.6275 0.9814285714285714 0.085 0.03
0 0.355 0.9528571428571428 0.09 0.03428571428571429
0 0.2725 0.39571428571428574 0.085 0.03857142857142857