0 0.76 0.27714285714285714 0.09 0.03428571428571429
0 0.5925 0.35 0.12 0.041428571428571426
0 0.675 0.4642857142857143 0.115 0.05
0 0.275 0.4014285714285714 0.09 0.041428571428571426
0 0.275 0.6642857142857143 0.09 0.05714285714285714
0 0.5975 0.6485714285714286 0.09 0.054285714285714284
0 0.425 0.7671428571428571 0.11 0.047142857142857146
0 0.6025 0.8371428571428572 0.08 0.04857142857142857
0 0.3425 0.9214285714285714 0.1325 0.03142857142857143
0 0.65 0.9828571428571429 0.1 0.03428571428571429
0 0.36 0.9614285714285714 0.1475 0.025714285714285714