0 0.5975 0.3485714285714286 0.12 0.024285714285714285
0 0.765 0.2757142857142857 0.08 0.03857142857142857
0 0.2675 0.3942857142857143 0.095 0.032857142857142856
0 0.6625 0.4614285714285714 0.095 0.025714285714285714
0 0.645 0.52 0.11 0.03
0 0.6175 0.6471428571428571 0.11 0.047142857142857146
0 0.285 0.6628571428571428 0.085 0.045714285714285714
0 0.42 0.7642857142857142 0.1325 0.03857142857142857
0 0.5975 0.8414285714285714 0.09 0.04285714285714286
0 0.36 0.9557142857142857 0.11 0.037142857142857144
0 0.6675 0.9785714285714285 0.095 0.041428571428571426